var res = [{"n":"1","pts_time":"0.0","fps":"25.0","frame_idx":"0"},{"n":"2","pts_time":"3.6","fps":"25.0","frame_idx":"90"},{"n":"3","pts_time":"10.6","fps":"25.0","frame_idx":"265"},{"n":"4","pts_time":"14.96","fps":"25.0","frame_idx":"374"},{"n":"5","pts_time":"16.28","fps":"25.0","frame_idx":"407"},{"n":"6","pts_time":"21.36","fps":"25.0","frame_idx":"534"},{"n":"7","pts_time":"26.32","fps":"25.0","frame_idx":"658"},{"n":"8","pts_time":"30.04","fps":"25.0","frame_idx":"751"},{"n":"9","pts_time":"31.32","fps":"25.0","frame_idx":"783"},{"n":"10","pts_time":"36.28","fps":"25.0","frame_idx":"907"},{"n":"11","pts_time":"39.88","fps":"25.0","frame_idx":"997"},{"n":"12","pts_time":"46.8","fps":"25.0","frame_idx":"1170"},{"n":"13","pts_time":"50.4","fps":"25.0","frame_idx":"1260"},{"n":"14","pts_time":"55.36","fps":"25.0","frame_idx":"1384"},{"n":"15","pts_time":"56.12","fps":"25.0","frame_idx":"1403"},{"n":"16","pts_time":"61.2","fps":"25.0","frame_idx":"1530"},{"n":"17","pts_time":"65.72","fps":"25.0","frame_idx":"1643"},{"n":"18","pts_time":"67.56","fps":"25.0","frame_idx":"1689"},{"n":"19","pts_time":"70.8","fps":"25.0","frame_idx":"1770"},{"n":"20","pts_time":"73.76","fps":"25.0","frame_idx":"1844"},{"n":"21","pts_time":"76.84","fps":"25.0","frame_idx":"1921"},{"n":"22","pts_time":"81.12","fps":"25.0","frame_idx":"2028"},{"n":"23","pts_time":"81.88","fps":"25.0","frame_idx":"2047"},{"n":"24","pts_time":"84.72","fps":"25.0","frame_idx":"2118"},{"n":"25","pts_time":"86.32","fps":"25.0","frame_idx":"2158"},{"n":"26","pts_time":"89.0","fps":"25.0","frame_idx":"2225"},{"n":"27","pts_time":"91.88","fps":"25.0","frame_idx":"2297"},{"n":"28","pts_time":"98.4","fps":"25.0","frame_idx":"2460"},{"n":"29","pts_time":"101.4","fps":"25.0","frame_idx":"2535"},{"n":"30","pts_time":"103.96","fps":"25.0","frame_idx":"2599"},{"n":"31","pts_time":"107.8","fps":"25.0","frame_idx":"2695"},{"n":"32","pts_time":"108.0","fps":"25.0","frame_idx":"2700"},{"n":"33","pts_time":"114.24","fps":"25.0","frame_idx":"2856"},{"n":"34","pts_time":"121.24","fps":"25.0","frame_idx":"3031"},{"n":"35","pts_time":"127.2","fps":"25.0","frame_idx":"3180"},{"n":"36","pts_time":"133.8","fps":"25.0","frame_idx":"3345"},{"n":"37","pts_time":"138.48","fps":"25.0","frame_idx":"3461"},{"n":"38","pts_time":"141.6","fps":"25.0","frame_idx":"3540"},{"n":"39","pts_time":"147.76","fps":"25.0","frame_idx":"3694"},{"n":"40","pts_time":"154.04","fps":"25.0","frame_idx":"3851"},{"n":"41","pts_time":"159.96","fps":"25.0","frame_idx":"3999"},{"n":"42","pts_time":"162.96","fps":"25.0","frame_idx":"4074"},{"n":"43","pts_time":"166.36","fps":"25.0","frame_idx":"4159"},{"n":"44","pts_time":"173.16","fps":"25.0","frame_idx":"4329"},{"n":"45","pts_time":"177.0","fps":"25.0","frame_idx":"4425"},{"n":"46","pts_time":"181.08","fps":"25.0","frame_idx":"4527"},{"n":"47","pts_time":"183.52","fps":"25.0","frame_idx":"4588"},{"n":"48","pts_time":"187.2","fps":"25.0","frame_idx":"4680"},{"n":"49","pts_time":"190.48","fps":"25.0","frame_idx":"4762"},{"n":"50","pts_time":"193.12","fps":"25.0","frame_idx":"4828"},{"n":"51","pts_time":"195.36","fps":"25.0","frame_idx":"4884"},{"n":"52","pts_time":"202.36","fps":"25.0","frame_idx":"5059"},{"n":"53","pts_time":"207.6","fps":"25.0","frame_idx":"5190"},{"n":"54","pts_time":"210.92","fps":"25.0","frame_idx":"5273"},{"n":"55","pts_time":"214.72","fps":"25.0","frame_idx":"5368"},{"n":"56","pts_time":"219.16","fps":"25.0","frame_idx":"5479"},{"n":"57","pts_time":"222.88","fps":"25.0","frame_idx":"5572"},{"n":"58","pts_time":"227.12","fps":"25.0","frame_idx":"5678"},{"n":"59","pts_time":"231.2","fps":"25.0","frame_idx":"5780"},{"n":"60","pts_time":"237.04","fps":"25.0","frame_idx":"5926"},{"n":"61","pts_time":"240.04","fps":"25.0","frame_idx":"6001"},{"n":"62","pts_time":"247.04","fps":"25.0","frame_idx":"6176"},{"n":"63","pts_time":"253.6","fps":"25.0","frame_idx":"6340"},{"n":"64","pts_time":"256.44","fps":"25.0","frame_idx":"6411"},{"n":"65","pts_time":"259.72","fps":"25.0","frame_idx":"6493"},{"n":"66","pts_time":"264.0","fps":"25.0","frame_idx":"6600"},{"n":"67","pts_time":"269.36","fps":"25.0","frame_idx":"6734"},{"n":"68","pts_time":"276.36","fps":"25.0","frame_idx":"6909"},{"n":"69","pts_time":"280.8","fps":"25.0","frame_idx":"7020"},{"n":"70","pts_time":"284.4","fps":"25.0","frame_idx":"7109"},{"n":"71","pts_time":"290.04","fps":"25.0","frame_idx":"7251"},{"n":"72","pts_time":"292.04","fps":"25.0","frame_idx":"7301"},{"n":"73","pts_time":"297.0","fps":"25.0","frame_idx":"7425"},{"n":"74","pts_time":"303.88","fps":"25.0","frame_idx":"7597"},{"n":"75","pts_time":"307.68","fps":"25.0","frame_idx":"7692"},{"n":"76","pts_time":"308.6","fps":"25.0","frame_idx":"7715"},{"n":"77","pts_time":"312.16","fps":"25.0","frame_idx":"7804"},{"n":"78","pts_time":"316.28","fps":"25.0","frame_idx":"7906"},{"n":"79","pts_time":"318.0","fps":"25.0","frame_idx":"7950"},{"n":"80","pts_time":"324.6","fps":"25.0","frame_idx":"8115"},{"n":"81","pts_time":"327.6","fps":"25.0","frame_idx":"8190"},{"n":"82","pts_time":"332.68","fps":"25.0","frame_idx":"8317"},{"n":"83","pts_time":"339.24","fps":"25.0","frame_idx":"8481"},{"n":"84","pts_time":"341.64","fps":"25.0","frame_idx":"8541"},{"n":"85","pts_time":"343.2","fps":"25.0","frame_idx":"8580"},{"n":"86","pts_time":"349.8","fps":"25.0","frame_idx":"8745"},{"n":"87","pts_time":"356.76","fps":"25.0","frame_idx":"8919"},{"n":"88","pts_time":"363.6","fps":"25.0","frame_idx":"9090"},{"n":"89","pts_time":"369.6","fps":"25.0","frame_idx":"9240"},{"n":"90","pts_time":"374.16","fps":"25.0","frame_idx":"9354"},{"n":"91","pts_time":"376.8","fps":"25.0","frame_idx":"9420"},{"n":"92","pts_time":"379.88","fps":"25.0","frame_idx":"9497"},{"n":"93","pts_time":"382.28","fps":"25.0","frame_idx":"9557"},{"n":"94","pts_time":"385.36","fps":"25.0","frame_idx":"9634"},{"n":"95","pts_time":"388.16","fps":"25.0","frame_idx":"9704"},{"n":"96","pts_time":"391.0","fps":"25.0","frame_idx":"9775"},{"n":"97","pts_time":"394.0","fps":"25.0","frame_idx":"9850"},{"n":"98","pts_time":"396.68","fps":"25.0","frame_idx":"9917"},{"n":"99","pts_time":"399.0","fps":"25.0","frame_idx":"9975"},{"n":"100","pts_time":"400.88","fps":"25.0","frame_idx":"10022"},{"n":"101","pts_time":"404.52","fps":"25.0","frame_idx":"10113"},{"n":"102","pts_time":"407.36","fps":"25.0","frame_idx":"10184"},{"n":"103","pts_time":"410.48","fps":"25.0","frame_idx":"10262"},{"n":"104","pts_time":"413.08","fps":"25.0","frame_idx":"10327"},{"n":"105","pts_time":"420.0","fps":"25.0","frame_idx":"10500"},{"n":"106","pts_time":"426.0","fps":"25.0","frame_idx":"10650"},{"n":"107","pts_time":"431.08","fps":"25.0","frame_idx":"10777"},{"n":"108","pts_time":"435.96","fps":"25.0","frame_idx":"10899"},{"n":"109","pts_time":"441.48","fps":"25.0","frame_idx":"11037"},{"n":"110","pts_time":"445.2","fps":"25.0","frame_idx":"11130"},{"n":"111","pts_time":"449.68","fps":"25.0","frame_idx":"11242"},{"n":"112","pts_time":"456.0","fps":"25.0","frame_idx":"11400"},{"n":"113","pts_time":"456.36","fps":"25.0","frame_idx":"11409"},{"n":"114","pts_time":"460.68","fps":"25.0","frame_idx":"11517"},{"n":"115","pts_time":"463.56","fps":"25.0","frame_idx":"11589"},{"n":"116","pts_time":"466.44","fps":"25.0","frame_idx":"11661"},{"n":"117","pts_time":"470.76","fps":"25.0","frame_idx":"11769"},{"n":"118","pts_time":"472.4","fps":"25.0","frame_idx":"11810"},{"n":"119","pts_time":"473.84","fps":"25.0","frame_idx":"11846"},{"n":"120","pts_time":"475.2","fps":"25.0","frame_idx":"11880"},{"n":"121","pts_time":"482.16","fps":"25.0","frame_idx":"12054"},{"n":"122","pts_time":"487.92","fps":"25.0","frame_idx":"12198"},{"n":"123","pts_time":"492.68","fps":"25.0","frame_idx":"12317"},{"n":"124","pts_time":"497.56","fps":"25.0","frame_idx":"12439"},{"n":"125","pts_time":"502.8","fps":"25.0","frame_idx":"12570"},{"n":"126","pts_time":"507.6","fps":"25.0","frame_idx":"12690"},{"n":"127","pts_time":"512.2","fps":"25.0","frame_idx":"12805"},{"n":"128","pts_time":"514.52","fps":"25.0","frame_idx":"12863"},{"n":"129","pts_time":"520.8","fps":"25.0","frame_idx":"13019"},{"n":"130","pts_time":"524.32","fps":"25.0","frame_idx":"13108"},{"n":"131","pts_time":"527.72","fps":"25.0","frame_idx":"13193"},{"n":"132","pts_time":"530.68","fps":"25.0","frame_idx":"13266"},{"n":"133","pts_time":"534.0","fps":"25.0","frame_idx":"13350"},{"n":"134","pts_time":"539.68","fps":"25.0","frame_idx":"13491"},{"n":"135","pts_time":"544.6","fps":"25.0","frame_idx":"13615"},{"n":"136","pts_time":"547.6","fps":"25.0","frame_idx":"13690"},{"n":"137","pts_time":"554.6","fps":"25.0","frame_idx":"13865"},{"n":"138","pts_time":"561.6","fps":"25.0","frame_idx":"14040"},{"n":"139","pts_time":"567.44","fps":"25.0","frame_idx":"14186"},{"n":"140","pts_time":"569.36","fps":"25.0","frame_idx":"14234"},{"n":"141","pts_time":"571.28","fps":"25.0","frame_idx":"14282"},{"n":"142","pts_time":"577.32","fps":"25.0","frame_idx":"14433"},{"n":"143","pts_time":"582.2","fps":"25.0","frame_idx":"14555"},{"n":"144","pts_time":"584.12","fps":"25.0","frame_idx":"14603"},{"n":"145","pts_time":"587.12","fps":"25.0","frame_idx":"14678"},{"n":"146","pts_time":"591.72","fps":"25.0","frame_idx":"14793"},{"n":"147","pts_time":"595.96","fps":"25.0","frame_idx":"14899"},{"n":"148","pts_time":"598.96","fps":"25.0","frame_idx":"14974"},{"n":"149","pts_time":"605.96","fps":"25.0","frame_idx":"15149"},{"n":"150","pts_time":"609.52","fps":"25.0","frame_idx":"15238"},{"n":"151","pts_time":"613.56","fps":"25.0","frame_idx":"15338"},{"n":"152","pts_time":"616.8","fps":"25.0","frame_idx":"15419"},{"n":"153","pts_time":"622.2","fps":"25.0","frame_idx":"15555"},{"n":"154","pts_time":"626.4","fps":"25.0","frame_idx":"15660"},{"n":"155","pts_time":"633.04","fps":"25.0","frame_idx":"15826"},{"n":"156","pts_time":"636.04","fps":"25.0","frame_idx":"15901"},{"n":"157","pts_time":"640.6","fps":"25.0","frame_idx":"16015"},{"n":"158","pts_time":"645.04","fps":"25.0","frame_idx":"16126"},{"n":"159","pts_time":"649.84","fps":"25.0","frame_idx":"16246"},{"n":"160","pts_time":"653.48","fps":"25.0","frame_idx":"16337"},{"n":"161","pts_time":"656.88","fps":"25.0","frame_idx":"16422"},{"n":"162","pts_time":"662.64","fps":"25.0","frame_idx":"16566"},{"n":"163","pts_time":"667.56","fps":"25.0","frame_idx":"16689"},{"n":"164","pts_time":"671.64","fps":"25.0","frame_idx":"16791"},{"n":"165","pts_time":"676.12","fps":"25.0","frame_idx":"16903"},{"n":"166","pts_time":"678.44","fps":"25.0","frame_idx":"16961"},{"n":"167","pts_time":"684.96","fps":"25.0","frame_idx":"17124"},{"n":"168","pts_time":"688.88","fps":"25.0","frame_idx":"17222"},{"n":"169","pts_time":"692.64","fps":"25.0","frame_idx":"17316"},{"n":"170","pts_time":"699.6","fps":"25.0","frame_idx":"17490"},{"n":"171","pts_time":"706.6","fps":"25.0","frame_idx":"17665"},{"n":"172","pts_time":"710.8","fps":"25.0","frame_idx":"17770"},{"n":"173","pts_time":"714.96","fps":"25.0","frame_idx":"17874"},{"n":"174","pts_time":"721.92","fps":"25.0","frame_idx":"18048"},{"n":"175","pts_time":"726.24","fps":"25.0","frame_idx":"18156"},{"n":"176","pts_time":"730.56","fps":"25.0","frame_idx":"18264"},{"n":"177","pts_time":"734.84","fps":"25.0","frame_idx":"18371"},{"n":"178","pts_time":"736.68","fps":"25.0","frame_idx":"18417"},{"n":"179","pts_time":"741.6","fps":"25.0","frame_idx":"18540"},{"n":"180","pts_time":"746.52","fps":"25.0","frame_idx":"18663"},{"n":"181","pts_time":"753.52","fps":"25.0","frame_idx":"18838"},{"n":"182","pts_time":"757.2","fps":"25.0","frame_idx":"18930"},{"n":"183","pts_time":"760.68","fps":"25.0","frame_idx":"19017"},{"n":"184","pts_time":"765.68","fps":"25.0","frame_idx":"19142"},{"n":"185","pts_time":"772.36","fps":"25.0","frame_idx":"19309"},{"n":"186","pts_time":"776.44","fps":"25.0","frame_idx":"19411"},{"n":"187","pts_time":"779.56","fps":"25.0","frame_idx":"19489"},{"n":"188","pts_time":"783.88","fps":"25.0","frame_idx":"19597"},{"n":"189","pts_time":"789.6","fps":"25.0","frame_idx":"19740"},{"n":"190","pts_time":"790.04","fps":"25.0","frame_idx":"19751"},{"n":"191","pts_time":"796.4","fps":"25.0","frame_idx":"19910"},{"n":"192","pts_time":"799.4","fps":"25.0","frame_idx":"19985"},{"n":"193","pts_time":"806.4","fps":"25.0","frame_idx":"20160"},{"n":"194","pts_time":"810.0","fps":"25.0","frame_idx":"20250"},{"n":"195","pts_time":"813.6","fps":"25.0","frame_idx":"20340"},{"n":"196","pts_time":"819.6","fps":"25.0","frame_idx":"20490"},{"n":"197","pts_time":"825.2","fps":"25.0","frame_idx":"20630"},{"n":"198","pts_time":"830.96","fps":"25.0","frame_idx":"20774"},{"n":"199","pts_time":"834.12","fps":"25.0","frame_idx":"20853"},{"n":"200","pts_time":"838.8","fps":"25.0","frame_idx":"20970"},{"n":"201","pts_time":"842.0","fps":"25.0","frame_idx":"21050"},{"n":"202","pts_time":"844.4","fps":"25.0","frame_idx":"21110"},{"n":"203","pts_time":"847.36","fps":"25.0","frame_idx":"21184"},{"n":"204","pts_time":"850.08","fps":"25.0","frame_idx":"21252"},{"n":"205","pts_time":"851.4","fps":"25.0","frame_idx":"21285"},{"n":"206","pts_time":"857.92","fps":"25.0","frame_idx":"21448"},{"n":"207","pts_time":"860.92","fps":"25.0","frame_idx":"21523"},{"n":"208","pts_time":"867.92","fps":"25.0","frame_idx":"21698"},{"n":"209","pts_time":"873.68","fps":"25.0","frame_idx":"21842"},{"n":"210","pts_time":"879.6","fps":"25.0","frame_idx":"21990"},{"n":"211","pts_time":"884.4","fps":"25.0","frame_idx":"22110"},{"n":"212","pts_time":"888.64","fps":"25.0","frame_idx":"22216"},{"n":"213","pts_time":"893.76","fps":"25.0","frame_idx":"22344"},{"n":"214","pts_time":"897.88","fps":"25.0","frame_idx":"22447"},{"n":"215","pts_time":"899.84","fps":"25.0","frame_idx":"22496"},{"n":"216","pts_time":"901.12","fps":"25.0","frame_idx":"22528"},{"n":"217","pts_time":"902.8","fps":"25.0","frame_idx":"22570"},{"n":"218","pts_time":"909.8","fps":"25.0","frame_idx":"22745"},{"n":"219","pts_time":"913.2","fps":"25.0","frame_idx":"22830"},{"n":"220","pts_time":"916.84","fps":"25.0","frame_idx":"22921"},{"n":"221","pts_time":"923.84","fps":"25.0","frame_idx":"23096"},{"n":"222","pts_time":"928.6","fps":"25.0","frame_idx":"23215"},{"n":"223","pts_time":"933.6","fps":"25.0","frame_idx":"23340"},{"n":"224","pts_time":"937.36","fps":"25.0","frame_idx":"23434"},{"n":"225","pts_time":"943.8","fps":"25.0","frame_idx":"23595"},{"n":"226","pts_time":"948.88","fps":"25.0","frame_idx":"23722"},{"n":"227","pts_time":"952.16","fps":"25.0","frame_idx":"23804"},{"n":"228","pts_time":"959.16","fps":"25.0","frame_idx":"23979"},{"n":"229","pts_time":"964.44","fps":"25.0","frame_idx":"24111"},{"n":"230","pts_time":"968.4","fps":"25.0","frame_idx":"24210"},{"n":"231","pts_time":"973.88","fps":"25.0","frame_idx":"24347"},{"n":"232","pts_time":"978.64","fps":"25.0","frame_idx":"24466"},{"n":"233","pts_time":"981.64","fps":"25.0","frame_idx":"24541"},{"n":"234","pts_time":"987.76","fps":"25.0","frame_idx":"24694"},{"n":"235","pts_time":"990.76","fps":"25.0","frame_idx":"24769"},{"n":"236","pts_time":"995.24","fps":"25.0","frame_idx":"24881"},{"n":"237","pts_time":"999.56","fps":"25.0","frame_idx":"24989"},{"n":"238","pts_time":"1003.8","fps":"25.0","frame_idx":"25095"},{"n":"239","pts_time":"1010.8","fps":"25.0","frame_idx":"25270"},{"n":"240","pts_time":"1015.2","fps":"25.0","frame_idx":"25380"},{"n":"241","pts_time":"1020.72","fps":"25.0","frame_idx":"25518"},{"n":"242","pts_time":"1027.0","fps":"25.0","frame_idx":"25675"},{"n":"243","pts_time":"1031.24","fps":"25.0","frame_idx":"25781"},{"n":"244","pts_time":"1033.92","fps":"25.0","frame_idx":"25848"},{"n":"245","pts_time":"1037.52","fps":"25.0","frame_idx":"25938"},{"n":"246","pts_time":"1041.6","fps":"25.0","frame_idx":"26039"},{"n":"247","pts_time":"1047.76","fps":"25.0","frame_idx":"26194"},{"n":"248","pts_time":"1050.72","fps":"25.0","frame_idx":"26268"},{"n":"249","pts_time":"1053.92","fps":"25.0","frame_idx":"26348"},{"n":"250","pts_time":"1058.96","fps":"25.0","frame_idx":"26474"},{"n":"251","pts_time":"1065.88","fps":"25.0","frame_idx":"26647"},{"n":"252","pts_time":"1067.52","fps":"25.0","frame_idx":"26688"},{"n":"253","pts_time":"1072.8","fps":"25.0","frame_idx":"26820"},{"n":"254","pts_time":"1076.4","fps":"25.0","frame_idx":"26910"},{"n":"255","pts_time":"1081.72","fps":"25.0","frame_idx":"27043"},{"n":"256","pts_time":"1088.4","fps":"25.0","frame_idx":"27210"},{"n":"257","pts_time":"1093.2","fps":"25.0","frame_idx":"27330"},{"n":"258","pts_time":"1098.48","fps":"25.0","frame_idx":"27462"},{"n":"259","pts_time":"1105.28","fps":"25.0","frame_idx":"27632"},{"n":"260","pts_time":"1110.0","fps":"25.0","frame_idx":"27750"},{"n":"261","pts_time":"1116.4","fps":"25.0","frame_idx":"27910"},{"n":"262","pts_time":"1123.4","fps":"25.0","frame_idx":"28085"},{"n":"263","pts_time":"1128.88","fps":"25.0","frame_idx":"28222"},{"n":"264","pts_time":"1135.12","fps":"25.0","frame_idx":"28377"},{"n":"265","pts_time":"1140.32","fps":"25.0","frame_idx":"28508"},{"n":"266","pts_time":"1146.08","fps":"25.0","frame_idx":"28652"},{"n":"267","pts_time":"1147.2","fps":"25.0","frame_idx":"28680"},{"n":"268","pts_time":"1153.2","fps":"25.0","frame_idx":"28830"},{"n":"269","pts_time":"1160.0","fps":"25.0","frame_idx":"29000"},{"n":"270","pts_time":"1163.96","fps":"25.0","frame_idx":"29099"},{"n":"271","pts_time":"1165.2","fps":"25.0","frame_idx":"29130"},{"n":"272","pts_time":"1170.28","fps":"25.0","frame_idx":"29257"},{"n":"273","pts_time":"1176.0","fps":"25.0","frame_idx":"29400"},{"n":"274","pts_time":"1183.0","fps":"25.0","frame_idx":"29575"},{"n":"275","pts_time":"1189.2","fps":"25.0","frame_idx":"29730"},{"n":"276","pts_time":"1192.56","fps":"25.0","frame_idx":"29814"},{"n":"277","pts_time":"1195.32","fps":"25.0","frame_idx":"29883"},{"n":"278","pts_time":"1200.08","fps":"25.0","frame_idx":"30002"},{"n":"279","pts_time":"1202.6","fps":"25.0","frame_idx":"30064"},{"n":"280","pts_time":"1205.52","fps":"25.0","frame_idx":"30138"},{"n":"281","pts_time":"1208.96","fps":"25.0","frame_idx":"30224"},{"n":"282","pts_time":"1210.88","fps":"25.0","frame_idx":"30272"},{"n":"283","pts_time":"1213.96","fps":"25.0","frame_idx":"30349"},{"n":"284","pts_time":"1219.48","fps":"25.0","frame_idx":"30487"},{"n":"285","pts_time":"1224.44","fps":"25.0","frame_idx":"30611"},{"n":"286","pts_time":"1229.0","fps":"25.0","frame_idx":"30725"},{"n":"287","pts_time":"1231.56","fps":"25.0","frame_idx":"30789"},{"n":"288","pts_time":"1234.64","fps":"25.0","frame_idx":"30866"},{"n":"289","pts_time":"1240.28","fps":"25.0","frame_idx":"31007"},{"n":"290","pts_time":"1244.4","fps":"25.0","frame_idx":"31110"},{"n":"291","pts_time":"1250.4","fps":"25.0","frame_idx":"31260"}];res.columns = ["n","pts_time","fps","frame_idx"];module.exports = res;